min_per_sample=339.139648ms
max_per_sample=12101.194580ms
avg_per_sample=1192.266974ms